fake = [1:10; 11:20; 21:30; 31:40; 41:50; 51:60; 61:70; 71:80; 81:90; 91:100]
f1 = [1:10; 11:20; 21:30; 31:40; 41:50; 51:60; 61:70; 71:80; 81:90; 91:100]
f2 = [1:10; 11:20; 21:30; 31:40; 41:50; 51:60; 61:70; 71:80; 81:90; 91:100]
f3 = [5:14; 15:24; 25:34; 35:44; 45:54; 55:64; 65:74; 75:84; 85:94; 95:104]

%[M_l1] = prox_l1(fake, 0.1)
%save('../LOD_demo_output/test_M_l1.mat', 'M_l1')

%[M_nuc] = prox_nuclear(fake, 0.1)
%save('../LOD_demo_output/test_M_nuc.mat', 'M_nuc')

is_same(1e-4, fake, f1, f2)